seeding_rate	day	jar	block	baby	juvenil	adult	mother	male	eggs	ephippia	epprod	pop_size	eer	genotype	csumperind
1	1	B1_A_1	B1	1	0	0	0	0	0	0	0	1	1.00E-04	G-1998	NA
1	1	B2_J_1	B2	1	0	0	0	0	0	0	0	1	1.00E-04	A-1958	NA
1	1	B1_J_1	B1	1	0	0	0	0	0	0	0	1	1.00E-04	A-1958	NA
1	1	B3_B_1	B3	1	0	0	0	0	0	0	0	1	1.00E-04	F-1991	NA
1	1	B1_I_1	B1	1	0	0	0	0	0	0	0	1	1.00E-04	B-1964	NA
1	1	B3_J_1	B3	1	0	0	0	0	0	0	0	1	1.00E-04	A-1958	NA
1	1	B2_G_1	B2	1	0	0	0	0	0	0	0	1	1.00E-04	C-1969	NA
1	1	B2_D_1	B2	1	0	0	0	0	0	0	0	1	1.00E-04	H-2000	NA
1	1	B1_B_1	B1	1	0	0	0	0	0	0	0	1	1.00E-04	F-1991	NA
1	1	B3_D_1	B3	1	0	0	0	0	0	0	0	1	1.00E-04	H-2000	NA
1	1	B2_H_1	B2	1	0	0	0	0	0	0	0	1	1.00E-04	I-2009	NA
1	1	B2_I_1	B2	1	0	0	0	0	0	0	0	1	1.00E-04	B-1964	NA
1	1	B3_H_1	B3	1	0	0	0	0	0	0	0	1	1.00E-04	I-2009	NA
1	1	B1_H_1	B1	1	0	0	0	0	0	0	0	1	1.00E-04	I-2009	NA
1	1	B3_E_1	B3	1	0	0	0	0	0	0	0	1	1.00E-04	E-1988	NA
1	1	B2_C_1	B2	1	0	0	0	0	0	0	0	1	1.00E-04	J-2012	NA
1	1	B2_F_1	B2	1	0	0	0	0	0	0	0	1	1.00E-04	D-1986	NA
1	1	B1_E_1	B1	1	0	0	0	0	0	0	0	1	1.00E-04	E-1988	NA
1	1	B2_A_1	B2	1	0	0	0	0	0	0	0	1	1.00E-04	G-1998	NA
1	1	B3_A_1	B3	1	0	0	0	0	0	0	0	1	1.00E-04	G-1998	NA
1	1	B2_B_1	B2	1	0	0	0	0	0	0	0	1	1.00E-04	F-1991	NA
1	1	B3_C_1	B3	1	0	0	0	0	0	0	0	1	1.00E-04	J-2012	NA
1	1	B3_F_1	B3	1	0	0	0	0	0	0	0	1	1.00E-04	D-1986	NA
1	1	B3_G_1	B3	1	0	0	0	0	0	0	0	1	1.00E-04	C-1969	NA
1	1	B1_G_1	B1	1	0	0	0	0	0	0	0	1	1.00E-04	C-1969	NA
1	5	B1_I_1	B1	0	1	0	0	0	0	0	0	1	1.00E-04	B-1964	1.596
1	5	B2_I_1	B2	0	1	0	0	0	0	0	0	1	1.00E-04	B-1964	1.596
1	5	B1_B_1	B1	0	1	0	0	0	0	0	0	1	1.00E-04	F-1991	1.596
1	5	B3_A_1	B3	0	1	0	0	0	0	0	0	1	1.00E-04	G-1998	1.596
1	5	B1_H_1	B1	0	1	0	0	0	0	0	0	1	1.00E-04	I-2009	1.596
1	5	B2_D_1	B2	0	0	0	1	0	5	0	0	1	5	H-2000	1.596
1	5	B2_H_1	B2	0	1	0	0	0	0	0	0	1	1.00E-04	I-2009	1.596
1	5	B3_C_1	B3	0	1	0	0	0	0	0	0	1	1.00E-04	J-2012	1.596
1	5	B3_D_1	B3	0	1	0	0	0	0	0	0	1	1.00E-04	H-2000	1.596
1	5	B2_A_1	B2	0	1	0	0	0	0	0	0	1	1.00E-04	G-1998	1.596
1	5	B2_F_1	B2	0	1	0	0	0	0	0	0	1	1.00E-04	D-1986	1.596
1	5	B3_E_1	B3	0	1	0	0	0	0	0	0	1	1.00E-04	E-1988	1.596
1	5	B2_B_1	B2	0	1	0	0	0	0	0	0	1	1.00E-04	F-1991	1.596
1	5	B1_J_1	B1	0	1	0	0	0	0	0	0	1	1.00E-04	A-1958	1.596
1	5	B3_B_1	B3	0	1	0	0	0	0	0	0	1	1.00E-04	F-1991	1.596
1	5	B3_F_1	B3	0	1	0	0	0	0	0	0	1	1.00E-04	D-1986	1.596
1	5	B1_E_1	B1	0	1	0	0	0	0	0	0	1	1.00E-04	E-1988	1.596
1	5	B3_G_1	B3	0	1	0	0	0	0	0	0	1	1.00E-04	C-1969	1.596
1	5	B2_J_1	B2	0	1	0	0	0	0	0	0	1	1.00E-04	A-1958	1.596
1	5	B2_C_1	B2	0	1	0	0	0	0	0	0	1	1.00E-04	J-2012	1.596
1	5	B1_A_1	B1	0	1	0	0	0	0	0	0	1	1.00E-04	G-1998	1.596
1	5	B1_G_1	B1	0	1	0	0	0	0	0	0	1	1.00E-04	C-1969	1.596
1	5	B3_J_1	B3	0	1	0	0	0	0	0	0	1	1.00E-04	A-1958	1.596
1	5	B3_H_1	B3	0	1	0	0	0	0	0	0	1	1.00E-04	I-2009	1.596
1	5	B2_G_1	B2	0	1	0	0	0	0	0	0	1	1.00E-04	C-1969	1.596
1	9	B3_E_1	B3	3	0	0	1	0	9	0	0	4	9	E-1988	0.4935
1	9	B2_C_1	B2	0	0	0	1	0	9	0	0	1	9	J-2012	1.974
1	9	B3_F_1	B3	0	0	0	1	0	7	0	0	1	7	D-1986	1.974
1	9	B2_D_1	B2	0	4	0	1	0	8	0	0	5	8	H-2000	0.3948
1	9	B1_H_1	B1	15	0	0	1	0	17	0	0	16	17	I-2009	0.123375
1	9	B3_C_1	B3	10	0	0	1	0	7	0	0	11	7	J-2012	0.179454545
1	9	B1_J_1	B1	0	5	0	1	0	13	0	0	6	13	A-1958	0.329
1	9	B3_J_1	B3	5	0	0	1	0	19	0	0	6	19	A-1958	0.329
1	9	B2_I_1	B2	3	0	0	1	0	11	0	0	4	11	B-1964	0.4935
1	9	B3_H_1	B3	0	0	0	1	0	7	0	0	1	7	I-2009	1.974
1	9	B3_A_1	B3	0	0	1	0	0	0	0	0	1	0	G-1998	1.974
1	9	B2_G_1	B2	10	0	0	1	0	12	0	0	11	12	C-1969	0.179454545
1	9	B1_I_1	B1	3	0	0	1	0	14	0	0	4	14	B-1964	0.4935
1	9	B1_A_1	B1	4	0	0	1	0	8	0	0	5	8	G-1998	0.3948
1	9	B1_G_1	B1	0	0	0	1	0	6	0	0	1	6	C-1969	1.974
1	9	B2_B_1	B2	5	0	0	1	0	13	0	0	6	13	F-1991	0.329
1	9	B3_B_1	B3	3	0	0	1	0	13	0	0	4	13	F-1991	0.4935
1	9	B3_G_1	B3	6	0	0	1	0	12	0	0	7	12	C-1969	0.282
1	9	B2_A_1	B2	8	0	0	1	0	13	0	0	9	13	G-1998	0.219333333
1	9	B1_E_1	B1	2	0	0	1	0	13	0	0	3	13	E-1988	0.658
1	9	B2_F_1	B2	0	0	1	0	0	0	0	0	1	0	D-1986	1.974
1	9	B3_D_1	B3	0	0	0	1	0	5	0	0	1	5	H-2000	1.974
1	9	B2_H_1	B2	7	0	0	1	0	13	0	0	8	13	I-2009	0.24675
1	9	B1_B_1	B1	6	0	0	1	0	9	0	0	7	9	F-1991	0.282
1	9	B2_J_1	B2	5	6	0	1	0	20	0	0	12	20	A-1958	0.1645
1	13	B2_I_1	B2	7	6	0	1	0	12	0	0	14	12	B-1964	0.190285714
1	13	B2_H_1	B2	3	17	0	1	0	10	0	0	21	10	I-2009	0.126857143
1	13	B2_G_1	B2	5	12	0	1	0	13	0	0	18	13	C-1969	0.148
1	13	B3_H_1	B3	15	7	0	1	0	15	0	0	23	15	I-2009	0.115826087
1	13	B3_G_1	B3	6	9	0	1	0	9	0	0	16	9	C-1969	0.1665
1	13	B2_D_1	B2	0	8	0	5	0	37	0	0	13	7.4	H-2000	0.204923077
1	13	B2_C_1	B2	10	1	0	1	0	11	0	0	12	11	J-2012	0.222
1	13	B3_J_1	B3	8	18	0	1	0	19	0	0	27	19	A-1958	0.098666667
1	13	B1_G_1	B1	3	15	0	1	0	14	0	0	19	14	C-1969	0.140210526
1	13	B2_A_1	B2	6	13	0	1	0	11	0	0	20	11	G-1998	0.1332
1	13	B1_J_1	B1	0	17	0	1	0	14	0	0	18	14	A-1958	0.148
1	13	B1_E_1	B1	14	2	0	1	0	12	0	0	17	12	E-1988	0.156705882
1	13	B3_E_1	B3	2	9	0	1	0	7	0	0	12	7	E-1988	0.222
1	13	B3_B_1	B3	8	10	0	1	0	14	0	0	19	14	F-1991	0.140210526
1	13	B3_F_1	B3	2	3	0	1	0	11	0	0	6	11	D-1986	0.444
1	13	B1_A_1	B1	2	12	0	1	0	9	0	0	15	9	G-1998	0.1776
1	13	B1_B_1	B1	0	12	0	1	0	12	0	0	13	12	F-1991	0.204923077
1	13	B3_A_1	B3	5	0	0	1	0	8	0	0	6	8	G-1998	0.444
1	13	B2_F_1	B2	4	0	0	1	0	13	0	0	5	13	D-1986	0.5328
1	13	B1_H_1	B1	9	12	0	1	0	14	0	0	22	14	I-2009	0.121090909
1	13	B2_B_1	B2	6	8	0	1	0	12	0	0	15	12	F-1991	0.1776
1	13	B1_I_1	B1	0	14	0	1	0	11	0	0	15	11	B-1964	0.1776
1	13	B3_D_1	B3	8	6	0	1	0	11	0	0	15	11	H-2000	0.1776
1	13	B2_J_1	B2	17	17	0	1	0	15	0	0	35	15	A-1958	0.076114286
1	13	B3_C_1	B3	6	10	0	1	0	10	0	0	17	10	J-2012	0.156705882
1	17	B1_I_1	B1	24	13	0	3	0	24	0	0	40	8	B-1964	0.082725
1	17	B2_C_1	B2	12	10	0	2	0	10	0	0	24	5	J-2012	0.137875
1	17	B3_A_1	B3	6	2	0	1	0	7	0	0	9	7	G-1998	0.367666667
1	17	B3_C_1	B3	12	2	0	5	0	19	0	0	19	3.8	J-2012	0.174157895
1	17	B2_F_1	B2	14	3	0	1	0	7	0	0	18	7	D-1986	0.183833333
1	17	B2_B_1	B2	19	15	0	1	0	8	0	0	35	8	F-1991	0.094542857
1	17	B1_E_1	B1	20	13	1	1	0	4	0	0	35	2	E-1988	0.094542857
1	17	B2_A_1	B2	8	17	0	5	0	15	0	0	30	3	G-1998	0.1103
1	17	B1_B_1	B1	16	10	0	2	0	14	0	0	28	7	F-1991	0.118178571
1	17	B2_H_1	B2	21	18	0	2	0	11	0	0	41	5.5	I-2009	0.080707317
1	17	B3_D_1	B3	10	10	0	3	0	13	0	0	23	4.333333333	H-2000	0.143869565
1	17	B3_E_1	B3	25	5	1	2	0	6	0	0	33	2	E-1988	0.100272727
1	17	B1_J_1	B1	21	32	5	0	0	0	0	0	58	0	A-1958	0.057051724
1	17	B3_G_1	B3	26	17	0	1	0	1	0	0	44	1	C-1969	0.075204545
1	17	B1_H_1	B1	12	15	0	1	0	10	0	0	28	10	I-2009	0.118178571
1	17	B1_A_1	B1	25	19	0	4	0	10	0	0	48	2.5	G-1998	0.0689375
1	17	B1_G_1	B1	14	11	0	3	0	20	0	0	28	6.666666667	C-1969	0.118178571
1	17	B3_F_1	B3	6	9	0	1	0	8	0	0	16	8	D-1986	0.2068125
1	17	B2_D_1	B2	33	13	0	5	0	13	0	0	51	2.6	H-2000	0.064882353
1	17	B2_J_1	B2	21	25	0	1	0	9	0	0	47	9	A-1958	0.070404255
1	17	B2_G_1	B2	21	11	0	4	0	13	0	0	36	3.25	C-1969	0.091916667
1	17	B2_I_1	B2	27	18	1	0	0	0	1	1	46	0	B-1964	0.071934783
1	17	B3_B_1	B3	14	16	0	3	0	10	0	0	33	3.333333333	F-1991	0.100272727
1	21	B3_J_1	B3	0	27	22	0	0	0	4	4	49	0	A-1958	0.128183673
1	21	B2_A_1	B2	3	33	19	3	0	4	0	0	58	0.181818182	G-1998	0.108293103
1	21	B1_G_1	B1	13	22	12	4	0	16	6	6	51	1	C-1969	0.123156863
1	21	B3_E_1	B3	4	4	9	1	0	5	0	0	18	0.5	E-1988	0.348944444
1	21	B1_A_1	B1	3	25	22	4	3	7	0	0	57	0.269230769	G-1998	0.110192982
1	21	B3_B_1	B3	1	16	19	1	0	2	0	0	37	0.1	F-1991	0.169756757
1	21	B2_H_1	B2	10	22	22	0	2	3	0	0	56	0.136363636	I-2009	0.112160714
1	21	B1_E_1	B1	12	8	16	1	0	2	0	0	37	0.117647059	E-1988	0.169756757
1	21	B3_H_1	B3	9	22	16	2	0	8	0	0	49	0.444444444	I-2009	0.128183673
1	21	B3_G_1	B3	7	21	15	3	0	7	0	0	46	0.388888889	C-1969	0.136543478
1	21	B3_A_1	B3	4	10	6	3	0	11	0	0	23	1.222222222	G-1998	0.273086957
1	21	B3_D_1	B3	15	19	19	1	0	1	0	0	54	0.05	H-2000	0.116314815
1	21	B1_J_1	B1	3	41	15	3	2	11	0	0	64	0.611111111	A-1958	0.098140625
1	21	B1_H_1	B1	10	22	18	3	0	8	0	0	53	0.380952381	I-2009	0.118509434
1	21	B2_I_1	B2	2	32	18	0	0	3	0	0	52	0.166666667	B-1964	0.120788462
1	21	B3_F_1	B3	3	23	10	0	2	2	0	0	38	0.2	D-1986	0.165289474
1	21	B2_B_1	B2	5	16	25	0	0	0	0	0	46	0	F-1991	0.136543478
1	21	B3_C_1	B3	0	25	6	3	0	9	0	0	34	1	J-2012	0.184735294
1	21	B2_D_1	B2	5	27	15	0	12	4	5	5	59	0.266666667	H-2000	0.106457627
1	21	B1_B_1	B1	13	23	13	2	0	4	0	0	51	0.266666667	F-1991	0.123156863
1	21	B2_F_1	B2	4	20	5	2	13	7	0	0	44	1	D-1986	0.14275
1	21	B1_I_1	B1	6	30	11	6	0	18	0	0	53	1.058823529	B-1964	0.118509434
1	21	B2_C_1	B2	9	21	14	3	0	6	0	0	47	0.352941176	J-2012	0.133638298
1	21	B2_G_1	B2	1	24	23	4	0	21	3	3	52	0.777777778	C-1969	0.120788462
1	21	B2_J_1	B2	5	29	16	0	0	0	0	0	50	0	A-1958	0.12562
2	1	B3_J_2	B3	2	0	0	0	0	0	0	0	2	1.00E-04	A-1958	NA
2	1	B2_H_2	B2	2	0	0	0	0	0	0	0	2	1.00E-04	I-2009	NA
2	1	B3_C_2	B3	2	0	0	0	0	0	0	0	2	1.00E-04	J-2012	NA
2	1	B2_G_2	B2	2	0	0	0	0	0	0	0	2	1.00E-04	C-1969	NA
2	1	B2_C_2	B2	2	0	0	0	0	0	0	0	2	1.00E-04	J-2012	NA
2	1	B3_H_2	B3	2	0	0	0	0	0	0	0	2	1.00E-04	I-2009	NA
2	1	B2_F_2	B2	2	0	0	0	0	0	0	0	2	1.00E-04	D-1986	NA
2	1	B3_I_2	B3	2	0	0	0	0	0	0	0	2	1.00E-04	B-1964	NA
2	1	B3_E_2	B3	2	0	0	0	0	0	0	0	2	1.00E-04	E-1988	NA
2	1	B3_B_2	B3	2	0	0	0	0	0	0	0	2	1.00E-04	F-1991	NA
2	1	B1_A_2	B1	2	0	0	0	0	0	0	0	2	1.00E-04	G-1998	NA
2	1	B2_B_2	B2	2	0	0	0	0	0	0	0	2	1.00E-04	F-1991	NA
2	1	B2_A_2	B2	2	0	0	0	0	0	0	0	2	1.00E-04	G-1998	NA
2	1	B2_J_2	B2	2	0	0	0	0	0	0	0	2	1.00E-04	A-1958	NA
2	1	B1_F_2	B1	2	0	0	0	0	0	0	0	2	1.00E-04	D-1986	NA
2	1	B1_J_2	B1	2	0	0	0	0	0	0	0	2	1.00E-04	A-1958	NA
2	1	B1_H_2	B1	2	0	0	0	0	0	0	0	2	1.00E-04	I-2009	NA
2	1	B3_G_2	B3	2	0	0	0	0	0	0	0	2	1.00E-04	C-1969	NA
2	1	B3_A_2	B3	2	0	0	0	0	0	0	0	2	1.00E-04	G-1998	NA
2	1	B1_I_2	B1	2	0	0	0	0	0	0	0	2	1.00E-04	B-1964	NA
2	1	B2_I_2	B2	2	0	0	0	0	0	0	0	2	1.00E-04	B-1964	NA
2	1	B1_G_2	B1	2	0	0	0	0	0	0	0	2	1.00E-04	C-1969	NA
2	1	B1_C_2	B1	2	0	0	0	0	0	0	0	2	1.00E-04	J-2012	NA
2	1	B1_D_2	B1	2	0	0	0	0	0	0	0	2	1.00E-04	H-2000	NA
2	5	B1_I_2	B1	0	2	0	0	0	0	0	0	2	1.00E-04	B-1964	1.596
2	5	B1_H_2	B1	0	2	0	0	0	0	0	0	2	1.00E-04	I-2009	1.596
2	5	B3_E_2	B3	0	1	0	1	0	4	0	0	2	4	E-1988	1.596
2	5	B3_B_2	B3	0	2	0	0	0	0	0	0	2	1.00E-04	F-1991	1.596
2	5	B1_J_2	B1	0	1	0	0	0	0	0	0	1	1.00E-04	A-1958	3.192
2	5	B2_J_2	B2	0	0	0	2	0	17	0	0	2	8.5	A-1958	1.596
2	5	B3_H_2	B3	0	2	0	0	0	0	0	0	2	1.00E-04	I-2009	1.596
2	5	B3_I_2	B3	0	2	0	0	0	0	0	0	2	1.00E-04	B-1964	1.596
2	5	B1_G_2	B1	0	1	0	1	0	8	0	0	2	8	C-1969	1.596
2	5	B2_A_2	B2	0	0	0	2	0	4	0	0	2	2	G-1998	1.596
2	5	B1_A_2	B1	0	2	0	0	0	0	0	0	2	1.00E-04	G-1998	1.596
2	5	B2_I_2	B2	0	1	0	1	0	0	0	0	2	0	B-1964	1.596
2	5	B2_C_2	B2	5	0	0	1	0	7	0	0	6	7	J-2012	0.532
2	5	B3_J_2	B3	0	2	0	0	0	0	0	0	2	1.00E-04	A-1958	1.596
2	5	B2_B_2	B2	0	1	0	1	0	0	0	0	2	0	F-1991	1.596
2	5	B3_C_2	B3	0	2	0	0	0	0	0	0	2	1.00E-04	J-2012	1.596
2	5	B1_D_2	B1	0	1	0	1	0	2	0	0	2	2	H-2000	1.596
2	5	B2_F_2	B2	0	2	0	0	0	0	0	0	2	1.00E-04	D-1986	1.596
2	5	B1_C_2	B1	0	1	0	1	0	4	0	0	2	4	J-2012	1.596
2	5	B3_A_2	B3	0	2	0	0	0	0	0	0	2	1.00E-04	G-1998	1.596
2	5	B1_F_2	B1	0	1	0	0	0	0	0	0	1	1.00E-04	D-1986	3.192
2	5	B3_G_2	B3	0	2	0	0	0	0	0	0	2	1.00E-04	C-1969	1.596
2	5	B2_G_2	B2	0	1	0	0	0	0	0	0	1	1.00E-04	C-1969	3.192
2	5	B2_H_2	B2	0	2	0	0	0	0	0	0	2	1.00E-04	I-2009	1.596
2	9	B3_E_2	B3	4	5	0	3	0	27	0	0	12	9	E-1988	0.3285
2	9	B1_J_2	B1	5	0	0	1	0	16	0	0	6	16	A-1958	0.657
2	9	B2_I_2	B2	7	3	0	2	0	25	0	0	12	12.5	B-1964	0.3285
2	9	B2_C_2	B2	0	11	0	1	0	4	0	0	12	4	J-2012	0.3285
2	9	B3_J_2	B3	8	0	1	1	0	20	0	0	10	10	A-1958	0.3942
2	9	B1_D_2	B1	18	0	0	2	0	25	0	0	20	12.5	H-2000	0.1971
2	9	B2_H_2	B2	9	0	0	2	0	28	0	0	11	14	I-2009	0.358363636
2	9	B3_C_2	B3	0	0	0	2	0	10	0	0	2	5	J-2012	1.971
2	9	B2_G_2	B2	7	0	0	1	0	11	0	0	8	11	C-1969	0.49275
2	9	B1_A_2	B1	13	0	0	2	0	24	0	0	15	12	G-1998	0.2628
2	9	B1_C_2	B1	6	5	0	2	0	15	0	0	13	7.5	J-2012	0.303230769
2	9	B1_F_2	B1	0	0	0	1	0	7	0	0	1	7	D-1986	3.942
2	9	B1_G_2	B1	0	7	0	2	0	15	0	0	9	7.5	C-1969	0.438
2	9	B2_J_2	B2	0	12	0	2	0	21	0	0	14	10.5	A-1958	0.281571429
2	9	B2_B_2	B2	11	8	1	1	0	10	0	0	21	5	F-1991	0.187714286
2	9	B2_F_2	B2	0	0	1	1	0	3	0	0	2	1.5	D-1986	1.971
2	9	B3_H_2	B3	9	0	0	2	0	22	0	0	11	11	I-2009	0.358363636
2	9	B1_H_2	B1	16	0	0	2	0	23	0	0	18	11.5	I-2009	0.219
2	9	B3_G_2	B3	8	0	0	2	0	22	0	0	10	11	C-1969	0.3942
2	9	B2_A_2	B2	15	3	0	2	0	18	0	0	20	9	G-1998	0.1971
2	9	B3_B_2	B3	4	0	0	2	0	15	0	0	6	7.5	F-1991	0.657
2	9	B1_I_2	B1	0	0	0	2	0	25	0	0	2	12.5	B-1964	1.971
2	9	B3_I_2	B3	0	0	0	1	0	9	0	0	1	9	B-1964	3.942
2	9	B3_A_2	B3	15	0	0	2	0	12	0	0	17	6	G-1998	0.231882353
2	13	B2_H_2	B2	5	31	0	2	0	20	0	0	38	10	I-2009	0.140078947
2	13	B1_C_2	B1	9	23	0	2	0	14	0	0	34	7	J-2012	0.156558824
2	13	B3_E_2	B3	26	26	0	3	0	16	0	0	55	5.333333333	E-1988	0.096781818
2	13	B2_C_2	B2	7	18	0	2	0	12	0	0	27	6	J-2012	0.197148148
2	13	B1_I_2	B1	23	6	0	2	0	27	0	0	31	13.5	B-1964	0.171709677
2	13	B1_J_2	B1	5	23	0	1	0	21	0	0	29	21	A-1958	0.183551724
2	13	B2_G_2	B2	5	9	0	1	0	10	0	0	15	10	C-1969	0.354866667
2	13	B3_G_2	B3	13	19	0	2	0	25	0	0	34	12.5	C-1969	0.156558824
2	13	B1_D_2	B1	0	42	0	4	0	27	0	0	46	6.75	H-2000	0.115717391
2	13	B2_B_2	B2	19	19	0	2	0	8	0	0	40	4	F-1991	0.133075
2	13	B2_J_2	B2	3	38	0	2	0	31	0	0	43	15.5	A-1958	0.123790698
2	13	B3_A_2	B3	9	21	0	2	0	22	0	0	32	11	G-1998	0.16634375
2	13	B1_A_2	B1	2	38	0	2	0	15	0	0	42	7.5	G-1998	0.126738095
2	13	B1_F_2	B1	2	5	0	1	0	5	0	0	8	5	D-1986	0.665375
2	13	B2_I_2	B2	12	19	0	4	0	34	0	0	35	8.5	B-1964	0.152085714
2	13	B3_C_2	B3	15	9	0	2	0	18	0	0	26	9	J-2012	0.204730769
2	13	B1_G_2	B1	15	20	0	7	0	36	0	0	42	5.142857143	C-1969	0.126738095
2	13	B3_H_2	B3	20	26	0	2	0	23	0	0	48	11.5	I-2009	0.110895833
2	13	B1_H_2	B1	24	17	0	2	0	25	0	0	43	12.5	I-2009	0.123790698
2	13	B3_J_2	B3	0	33	0	2	0	24	0	0	35	12	A-1958	0.152085714
2	13	B3_I_2	B3	8	0	0	1	0	14	0	0	9	14	B-1964	0.591444444
2	13	B2_A_2	B2	16	17	0	5	0	21	0	0	38	4.2	G-1998	0.140078947
2	13	B2_F_2	B2	9	4	0	2	0	16	0	0	15	8	D-1986	0.354866667
2	13	B3_B_2	B3	21	6	0	2	0	10	0	0	29	5	F-1991	0.183551724
2	17	B1_H_2	B1	33	34	0	3	0	20	0	0	70	6.666666667	I-2009	0.094528571
2	17	B3_E_2	B3	29	39	1	2	0	6	0	0	71	2	E-1988	0.093197183
2	17	B2_J_2	B2	36	42	3	2	0	5	0	0	83	1	A-1958	0.079722892
2	17	B2_G_2	B2	12	15	0	5	0	27	0	0	32	5.4	C-1969	0.20678125
2	17	B1_I_2	B1	28	11	0	2	0	20	0	0	41	10	B-1964	0.161390244
2	17	B2_I_2	B2	30	35	1	9	0	31	0	0	75	3.1	B-1964	0.088226667
2	17	B3_A_2	B3	18	21	0	6	0	18	0	0	45	3	G-1998	0.147044444
2	17	B2_H_2	B2	28	31	1	6	0	19	0	0	66	2.714285714	I-2009	0.100257576
2	17	B1_C_2	B1	17	19	0	8	0	30	0	0	44	3.75	J-2012	0.150386364
2	17	B2_A_2	B2	30	28	0	4	0	8	0	0	62	2	G-1998	0.106725806
2	17	B1_G_2	B1	46	21	6	4	0	14	1	1	77	1.4	C-1969	0.085935065
2	17	B2_F_2	B2	15	6	0	6	0	27	0	0	27	4.5	D-1986	0.245074074
2	17	B1_A_2	B1	21	26	0	6	0	25	0	0	53	4.166666667	G-1998	0.124849057
2	17	B3_G_2	B3	32	56	3	2	0	13	0	0	93	2.6	C-1969	0.071150538
2	17	B3_C_2	B3	22	12	0	1	0	4	0	0	35	4	J-2012	0.189057143
2	17	B2_B_2	B2	17	23	5	2	0	4	3	3	47	0.571428571	F-1991	0.140787234
2	17	B1_F_2	B1	2	4	0	5	0	19	0	0	11	3.8	D-1986	0.601545455
2	17	B1_D_2	B1	31	43	0	2	0	14	0	0	76	7	H-2000	0.087065789
2	17	B3_J_2	B3	13	42	1	1	0	14	0	0	57	7	A-1958	0.116087719
2	17	B3_B_2	B3	11	15	3	2	0	3	0	0	31	0.6	F-1991	0.213451613
2	17	B1_J_2	B1	24	29	2	4	0	25	0	0	59	4.166666667	A-1958	0.112152542
2	17	B2_C_2	B2	15	11	0	5	0	11	0	0	31	2.2	J-2012	0.213451613
2	21	B2_C_2	B2	9	26	10	10	0	26	0	0	55	1.3	J-2012	0.228254545
2	21	B3_E_2	B3	0	30	28	0	0	0	0	0	58	0	E-1988	0.216448276
2	21	B3_B_2	B3	3	8	25	2	0	2	0	0	38	0.074074074	F-1991	0.330368421
2	21	B1_A_2	B1	8	26	42	2	0	4	0	0	78	0.090909091	G-1998	0.160948718
2	21	B3_J_2	B3	0	18	20	1	23	5	0	0	62	0.238095238	A-1958	0.202483871
2	21	B1_G_2	B1	6	44	30	1	0	13	5	4	81	0.419354839	C-1969	0.154987654
2	21	B3_H_2	B3	8	43	30	1	0	15	0	0	82	0.483870968	I-2009	0.153097561
2	21	B2_A_2	B2	6	45	32	0	0	0	0	0	83	0	G-1998	0.151253012
2	21	B2_H_2	B2	11	37	47	1	1	2	0	0	97	0.041666667	I-2009	0.12942268
2	21	B1_D_2	B1	15	44	42	2	2	10	6	6	105	0.227272727	H-2000	0.119561905
2	21	B3_A_2	B3	9	36	30	3	0	7	0	0	78	0.212121212	G-1998	0.160948718
2	21	B1_H_2	B1	7	52	41	1	0	3	1	1	101	0.071428571	I-2009	0.12429703
2	21	B3_G_2	B3	8	45	40	1	0	2	0	0	94	0.048780488	C-1969	0.133553191
2	21	B1_J_2	B1	1	24	26	2	40	15	13	13	93	0.535714286	A-1958	0.134989247
2	21	B3_I_2	B3	18	21	10	3	0	21	0	0	52	1.615384615	B-1964	0.241423077
2	21	B1_I_2	B1	27	31	14	11	0	41	0	0	83	1.64	B-1964	0.151253012
2	21	B2_B_2	B2	4	11	18	3	7	11	4	1	43	0.523809524	F-1991	0.291953488
2	21	B3_C_2	B3	0	20	21	7	0	22	0	0	48	0.785714286	J-2012	0.261541667
2	21	B2_F_2	B2	8	33	15	1	7	3	0	0	64	0.1875	D-1986	0.19615625
2	21	B2_I_2	B2	11	41	37	3	0	11	0	0	92	0.275	B-1964	0.136456522
2	21	B2_G_2	B2	6	40	22	6	1	25	1	1	75	0.892857143	C-1969	0.167386667
2	21	B1_C_2	B1	11	43	19	9	0	29	0	0	82	1.035714286	J-2012	0.153097561
2	21	B1_F_2	B1	9	13	2	6	0	33	0	0	30	4.125	D-1986	0.418466667
2	21	B2_J_2	B2	0	44	37	0	5	9	8	8	86	0.243243243	A-1958	0.145976744
3	1	B2_G_3	B2	3	0	0	0	0	0	0	0	3	1.00E-04	C-1969	NA
3	1	B1_A_3	B1	3	0	0	0	0	0	0	0	3	1.00E-04	G-1998	NA
3	1	B2_B_3	B2	3	0	0	0	0	0	0	0	3	1.00E-04	F-1991	NA
3	1	B2_C_3	B2	3	0	0	0	0	0	0	0	3	1.00E-04	J-2012	NA
3	1	B2_E_3	B2	3	0	0	0	0	0	0	0	3	1.00E-04	E-1988	NA
3	1	B1_I_3	B1	3	0	0	0	0	0	0	0	3	1.00E-04	B-1964	NA
3	1	B1_J_3	B1	3	0	0	0	0	0	0	0	3	1.00E-04	A-1958	NA
3	1	B3_E_3	B3	3	0	0	0	0	0	0	0	3	1.00E-04	E-1988	NA
3	1	B2_I_3	B2	3	0	0	0	0	0	0	0	3	1.00E-04	B-1964	NA
3	1	B2_A_3	B2	3	0	0	0	0	0	0	0	3	1.00E-04	G-1998	NA
3	1	B1_F_3	B1	3	0	0	0	0	0	0	0	3	1.00E-04	D-1986	NA
3	1	B1_B_3	B1	3	0	0	0	0	0	0	0	3	1.00E-04	F-1991	NA
3	1	B1_G_3	B1	3	0	0	0	0	0	0	0	3	1.00E-04	C-1969	NA
3	1	B3_B_3	B3	3	0	0	0	0	0	0	0	3	1.00E-04	F-1991	NA
3	1	B3_H_3	B3	3	0	0	0	0	0	0	0	3	1.00E-04	I-2009	NA
3	1	B1_E_3	B1	3	0	0	0	0	0	0	0	3	1.00E-04	E-1988	NA
3	1	B1_D_3	B1	3	0	0	0	0	0	0	0	3	1.00E-04	H-2000	NA
3	1	B3_A_3	B3	3	0	0	0	0	0	0	0	3	1.00E-04	G-1998	NA
3	1	B3_C_3	B3	3	0	0	0	0	0	0	0	3	1.00E-04	J-2012	NA
3	1	B1_C_3	B1	3	0	0	0	0	0	0	0	3	1.00E-04	J-2012	NA
3	1	B2_H_3	B2	3	0	0	0	0	0	0	0	3	1.00E-04	I-2009	NA
3	1	B3_G_3	B3	3	0	0	0	0	0	0	0	3	1.00E-04	C-1969	NA
3	1	B1_H_3	B1	3	0	0	0	0	0	0	0	3	1.00E-04	I-2009	NA
3	5	B1_F_3	B1	0	1	0	0	0	0	0	0	1	1.00E-04	D-1986	4.788
3	5	B1_A_3	B1	0	3	0	0	0	0	0	0	3	1.00E-04	G-1998	1.596
3	5	B1_E_3	B1	0	3	0	0	0	0	0	0	3	1.00E-04	E-1988	1.596
3	5	B2_E_3	B2	0	1	0	0	0	0	0	0	1	1.00E-04	E-1988	4.788
3	5	B1_B_3	B1	0	3	0	0	0	0	0	0	3	1.00E-04	F-1991	1.596
3	5	B2_B_3	B2	0	3	0	0	0	0	0	0	3	1.00E-04	F-1991	1.596
3	5	B1_I_3	B1	0	3	0	0	0	0	0	0	3	1.00E-04	B-1964	1.596
3	5	B1_H_3	B1	0	3	0	0	0	0	0	0	3	1.00E-04	I-2009	1.596
3	5	B2_I_3	B2	0	3	0	0	0	0	0	0	3	1.00E-04	B-1964	1.596
3	5	B1_J_3	B1	0	2	0	1	0	0	0	0	3	0	A-1958	1.596
3	5	B1_C_3	B1	0	1	0	2	0	10	0	0	3	5	J-2012	1.596
3	5	B2_C_3	B2	0	3	0	0	0	0	0	0	3	1.00E-04	J-2012	1.596
3	5	B3_G_3	B3	0	3	0	0	0	0	0	0	3	1.00E-04	C-1969	1.596
3	5	B2_H_3	B2	0	2	0	1	0	5	0	0	3	5	I-2009	1.596
3	5	B3_C_3	B3	0	1	0	0	2	0	0	0	3	1.00E-04	J-2012	1.596
3	5	B1_D_3	B1	0	3	0	0	0	0	0	0	3	1.00E-04	H-2000	1.596
3	5	B2_G_3	B2	0	2	0	0	0	0	0	0	2	1.00E-04	C-1969	2.394
3	5	B2_A_3	B2	0	2	0	1	0	2	0	0	3	2	G-1998	1.596
3	5	B3_B_3	B3	0	3	0	0	0	0	0	0	3	1.00E-04	F-1991	1.596
3	5	B3_E_3	B3	0	2	0	0	0	0	0	0	2	1.00E-04	E-1988	2.394
3	5	B3_A_3	B3	0	3	0	0	0	0	0	0	3	1.00E-04	G-1998	1.596
3	5	B3_H_3	B3	0	3	0	0	0	0	0	0	3	1.00E-04	I-2009	1.596
3	5	B1_G_3	B1	0	0	0	3	0	25	0	0	3	8.333333333	C-1969	1.596
3	9	B1_G_3	B1	0	8	0	2	0	19	0	0	10	9.5	C-1969	0.591
3	9	B1_I_3	B1	0	0	1	2	0	9	0	0	3	3	B-1964	1.97
3	9	B1_C_3	B1	0	9	0	3	0	15	0	0	12	5	J-2012	0.4925
3	9	B1_A_3	B1	14	0	0	3	0	29	0	0	17	9.666666667	G-1998	0.347647059
3	9	B2_H_3	B2	9	4	0	3	0	32	0	0	16	10.66666667	I-2009	0.369375
3	9	B1_B_3	B1	0	0	0	3	0	23	0	0	3	7.666666667	F-1991	1.97
3	9	B2_E_3	B2	7	0	0	1	0	1	0	0	8	1	E-1988	0.73875
3	9	B1_E_3	B1	25	0	0	3	0	38	0	0	28	12.66666667	E-1988	0.211071429
3	9	B3_H_3	B3	14	0	0	3	0	35	0	0	17	11.66666667	I-2009	0.347647059
3	9	B2_I_3	B2	1	0	0	3	0	36	0	0	4	12	B-1964	1.4775
3	9	B1_H_3	B1	18	0	0	3	0	24	0	0	21	8	I-2009	0.281428571
3	9	B1_F_3	B1	5	0	0	1	0	12	0	0	6	12	D-1986	0.985
3	9	B2_G_3	B2	0	0	0	2	0	9	0	0	2	4.5	C-1969	2.955
3	9	B2_B_3	B2	0	0	0	3	0	20	0	0	3	6.666666667	F-1991	1.97
3	9	B3_B_3	B3	7	0	0	3	0	26	0	0	10	8.666666667	F-1991	0.591
3	9	B3_C_3	B3	0	0	0	1	2	5	0	0	3	5	J-2012	1.97
3	9	B3_E_3	B3	2	0	0	2	0	15	0	0	4	7.5	E-1988	1.4775
3	9	B1_D_3	B1	20	0	0	3	0	30	0	0	23	10	H-2000	0.256956522
3	9	B2_C_3	B2	0	0	0	1	0	6	0	0	1	6	J-2012	5.91
3	9	B3_G_3	B3	9	0	0	3	0	34	0	0	12	11.33333333	C-1969	0.4925
3	9	B1_J_3	B1	7	0	0	3	0	31	0	0	10	10.33333333	A-1958	0.591
3	9	B3_A_3	B3	12	0	0	3	0	24	0	0	15	8	G-1998	0.394
3	9	B2_A_3	B2	16	3	1	2	0	15	0	0	22	5	G-1998	0.268636364
3	13	B1_J_3	B1	13	44	0	3	0	47	0	0	60	15.66666667	A-1958	0.133033333
3	13	B1_E_3	B1	18	35	0	3	0	28	0	0	56	9.333333333	E-1988	0.142535714
3	13	B2_G_3	B2	11	12	0	2	0	25	0	0	25	12.5	C-1969	0.31928
3	13	B2_C_3	B2	5	0	0	1	0	9	0	0	6	9	J-2012	1.330333333
3	13	B1_B_3	B1	4	19	0	3	0	33	0	0	26	11	F-1991	0.307
3	13	B3_G_3	B3	10	29	0	3	0	30	0	0	42	10	C-1969	0.190047619
3	13	B2_H_3	B2	0	48	0	4	0	38	0	0	52	9.5	I-2009	0.1535
3	13	B2_A_3	B2	7	30	0	4	0	23	0	0	41	5.75	G-1998	0.194682927
3	13	B3_B_3	B3	18	22	0	3	0	23	0	0	43	7.666666667	F-1991	0.185627907
3	13	B1_F_3	B1	12	3	0	1	0	9	0	0	16	9	D-1986	0.498875
3	13	B1_H_3	B1	14	36	0	3	0	38	0	0	53	12.66666667	I-2009	0.150603774
3	13	B3_C_3	B3	2	3	0	1	2	5	0	0	8	5	J-2012	0.99775
3	13	B2_B_3	B2	33	13	0	3	0	39	0	0	49	13	F-1991	0.162897959
3	13	B1_A_3	B1	6	36	0	3	0	22	0	0	45	7.333333333	G-1998	0.177377778
3	13	B1_I_3	B1	16	0	0	3	0	23	0	0	19	7.666666667	B-1964	0.420105263
3	13	B1_G_3	B1	0	24	0	11	0	63	0	0	35	5.727272727	C-1969	0.228057143
3	13	B1_C_3	B1	10	26	0	4	0	23	0	0	40	5.75	J-2012	0.19955
3	13	B2_I_3	B2	16	6	0	3	0	41	0	0	25	13.66666667	B-1964	0.31928
3	13	B1_D_3	B1	5	40	0	3	0	28	0	0	48	9.333333333	H-2000	0.166291667
3	13	B3_H_3	B3	8	49	0	3	0	39	0	0	60	13	I-2009	0.133033333
3	13	B3_E_3	B3	15	11	0	2	0	22	0	0	28	11	E-1988	0.285071429
3	13	B3_A_3	B3	25	24	0	3	0	26	0	0	52	8.666666667	G-1998	0.1535
3	13	B2_E_3	B2	7	8	0	1	0	13	0	0	16	13	E-1988	0.498875
3	17	B2_H_3	B2	42	66	2	2	0	10	1	1	112	2.5	I-2009	0.088598214
3	17	B1_A_3	B1	22	30	0	8	0	35	0	0	60	4.375	G-1998	0.165383333
3	17	B1_G_3	B1	35	28	6	8	0	20	3	3	77	1.428571429	C-1969	0.12887013
3	17	B2_A_3	B2	34	36	0	12	0	29	0	0	82	2.416666667	G-1998	0.121012195
3	17	B2_I_3	B2	32	23	0	3	0	36	0	0	58	12	B-1964	0.171086207
3	17	B1_H_3	B1	39	41	0	3	0	24	0	0	83	8	I-2009	0.119554217
3	17	B3_C_3	B3	9	4	1	0	0	0	0	0	14	0	J-2012	0.708785714
3	17	B1_J_3	B1	46	45	2	2	0	16	1	1	95	4	A-1958	0.104452632
3	17	B1_C_3	B1	24	38	0	8	0	35	0	0	70	4.375	J-2012	0.141757143
3	17	B2_E_3	B2	9	20	2	5	0	26	0	0	36	3.714285714	E-1988	0.275638889
3	17	B3_E_3	B3	19	29	0	4	0	13	0	0	52	3.25	E-1988	0.190826923
3	17	B1_I_3	B1	21	7	0	2	0	13	0	0	30	6.5	B-1964	0.330766667
3	17	B2_G_3	B2	32	5	0	9	0	38	0	0	46	4.222222222	C-1969	0.215717391
3	17	B2_C_3	B2	7	6	0	1	0	6	0	0	14	6	J-2012	0.708785714
3	17	B3_B_3	B3	25	31	3	6	0	19	1	1	65	2.111111111	F-1991	0.152661538
3	17	B1_E_3	B1	35	44	2	2	0	11	0	0	83	2.75	E-1988	0.119554217
3	17	B3_A_3	B3	21	45	0	7	0	20	0	0	73	2.857142857	G-1998	0.135931507
3	17	B1_B_3	B1	44	39	0	3	0	18	0	0	86	6	F-1991	0.115383721
3	17	B2_B_3	B2	36	37	0	6	0	22	0	0	79	3.666666667	F-1991	0.125607595
3	17	B1_D_3	B1	28	27	0	7	0	26	0	0	62	3.714285714	H-2000	0.160048387
3	17	B1_F_3	B1	9	12	0	3	0	21	0	0	24	7	D-1986	0.413458333
3	21	B1_D_3	B1	20	49	35	1	3	13	11	11	108	0.361111111	H-2000	0.174361111
3	21	B1_C_3	B1	18	64	24	12	0	42	0	0	118	1.166666667	J-2012	0.159584746
3	21	B3_A_3	B3	9	44	55	5	0	8	0	0	113	0.133333333	G-1998	0.166646018
3	21	B1_J_3	B1	6	59	45	0	19	8	4	3	129	0.177777778	A-1958	0.145976744
3	21	B2_H_3	B2	4	52	64	1	7	5	2	1	128	0.076923077	I-2009	0.147117188
3	21	B1_H_3	B1	10	65	48	1	6	7	2	2	130	0.142857143	I-2009	0.144853846
3	21	B1_F_3	B1	19	28	22	0	7	10	2	2	76	0.454545455	D-1986	0.247776316
3	21	B3_B_3	B3	17	32	33	1	0	3	5	4	83	0.088235294	F-1991	0.226879518
3	21	B1_B_3	B1	9	39	61	1	0	3	2	2	110	0.048387097	F-1991	0.171190909
3	21	B2_A_3	B2	11	56	44	4	0	12	0	0	115	0.25	G-1998	0.163747826
3	21	B1_I_3	B1	21	23	15	7	0	30	0	0	66	1.363636364	B-1964	0.285318182
3	21	B3_H_3	B3	8	59	48	0	0	1	1	1	115	0.020833333	I-2009	0.163747826
3	21	B2_B_3	B2	14	43	33	0	8	0	1	1	98	0	F-1991	0.192153061
3	21	B2_G_3	B2	12	46	43	1	0	6	12	12	102	0.136363636	C-1969	0.184617647
3	21	B2_E_3	B2	10	41	30	9	0	38	2	2	90	0.974358974	E-1988	0.209233333
3	21	B1_A_3	B1	14	33	45	7	0	17	0	0	99	0.326923077	G-1998	0.190212121
3	21	B2_I_3	B2	15	75	50	0	0	11	0	0	140	0.22	B-1964	0.134507143
3	21	B1_E_3	B1	5	42	38	1	0	1	0	0	86	0.025641026	E-1988	0.218965116
3	21	B3_E_3	B3	10	17	35	1	0	2	0	0	63	0.055555556	E-1988	0.298904762
3	21	B1_G_3	B1	7	37	48	1	0	15	8	5	93	0.306122449	C-1969	0.202483871
3	21	B3_G_3	B3	14	64	44	1	0	9	6	6	123	0.2	C-1969	0.153097561
3	21	B3_C_3	B3	3	13	3	3	1	9	0	0	23	1.5	J-2012	0.81873913
3	21	B2_C_3	B2	6	9	14	5	0	19	0	0	34	1	J-2012	0.553852941
4	1	B1_I_4	B1	4	0	0	0	0	0	0	0	4	1.00E-04	B-1964	NA
4	1	B3_B_4	B3	4	0	0	0	0	0	0	0	4	1.00E-04	F-1991	NA
4	1	B3_C_4	B3	4	0	0	0	0	0	0	0	4	1.00E-04	J-2012	NA
4	1	B3_A_4	B3	4	0	0	0	0	0	0	0	4	1.00E-04	G-1998	NA
4	1	B1_H_4	B1	4	0	0	0	0	0	0	0	4	1.00E-04	I-2009	NA
4	1	B1_F_4	B1	4	0	0	0	0	0	0	0	4	1.00E-04	D-1986	NA
4	1	B1_A_4	B1	4	0	0	0	0	0	0	0	4	1.00E-04	G-1998	NA
4	1	B1_E_4	B1	4	0	0	0	0	0	0	0	4	1.00E-04	E-1988	NA
4	1	B3_D_4	B3	4	0	0	0	0	0	0	0	4	1.00E-04	H-2000	NA
4	1	B2_G_4	B2	4	0	0	0	0	0	0	0	4	1.00E-04	C-1969	NA
4	1	B3_E_4	B3	4	0	0	0	0	0	0	0	4	1.00E-04	E-1988	NA
4	1	B2_B_4	B2	4	0	0	0	0	0	0	0	4	1.00E-04	F-1991	NA
4	1	B2_H_4	B2	4	0	0	0	0	0	0	0	4	1.00E-04	I-2009	NA
4	1	B1_B_4	B1	4	0	0	0	0	0	0	0	4	1.00E-04	F-1991	NA
4	1	B2_C_4	B2	4	0	0	0	0	0	0	0	4	1.00E-04	J-2012	NA
4	1	B2_A_4	B2	4	0	0	0	0	0	0	0	4	1.00E-04	G-1998	NA
4	1	B2_I_4	B2	4	0	0	0	0	0	0	0	4	1.00E-04	B-1964	NA
4	1	B1_G_4	B1	4	0	0	0	0	0	0	0	4	1.00E-04	C-1969	NA
4	1	B3_G_4	B3	4	0	0	0	0	0	0	0	4	1.00E-04	C-1969	NA
4	1	B1_C_4	B1	4	0	0	0	0	0	0	0	4	1.00E-04	J-2012	NA
4	1	B3_H_4	B3	4	0	0	0	0	0	0	0	4	1.00E-04	I-2009	NA
4	5	B1_E_4	B1	0	4	0	0	0	0	0	0	4	1.00E-04	E-1988	1.596
4	5	B2_B_4	B2	0	3	0	1	0	0	0	0	4	0	F-1991	1.596
4	5	B3_C_4	B3	0	4	0	0	0	0	0	0	4	1.00E-04	J-2012	1.596
4	5	B1_G_4	B1	0	2	0	2	0	15	0	0	4	7.5	C-1969	1.596
4	5	B2_A_4	B2	0	2	0	1	0	6	0	0	3	6	G-1998	2.128
4	5	B2_H_4	B2	0	4	0	0	0	0	0	0	4	1.00E-04	I-2009	1.596
4	5	B1_F_4	B1	0	3	0	0	1	0	0	0	4	1.00E-04	D-1986	1.596
4	5	B3_H_4	B3	0	4	0	0	0	0	0	0	4	1.00E-04	I-2009	1.596
4	5	B1_H_4	B1	0	3	0	1	0	7	0	0	4	7	I-2009	1.596
4	5	B3_B_4	B3	0	4	0	0	0	0	0	0	4	1.00E-04	F-1991	1.596
4	5	B1_I_4	B1	0	4	0	0	0	0	0	0	4	1.00E-04	B-1964	1.596
4	5	B1_A_4	B1	0	4	0	0	0	0	0	0	4	1.00E-04	G-1998	1.596
4	5	B1_C_4	B1	0	4	0	0	0	0	0	0	4	1.00E-04	J-2012	1.596
4	5	B3_A_4	B3	0	4	0	0	0	0	0	0	4	1.00E-04	G-1998	1.596
4	5	B2_G_4	B2	0	3	0	1	0	9	0	0	4	9	C-1969	1.596
4	5	B3_E_4	B3	0	1	1	2	0	12	0	0	4	4	E-1988	1.596
4	5	B1_B_4	B1	0	3	0	1	0	6	0	0	4	6	F-1991	1.596
4	5	B2_I_4	B2	0	4	0	0	0	0	0	0	4	1.00E-04	B-1964	1.596
4	5	B2_C_4	B2	0	2	0	1	0	0	0	0	3	0	J-2012	2.128
4	5	B3_D_4	B3	0	3	0	0	0	0	0	0	3	1.00E-04	H-2000	2.128
4	5	B3_G_4	B3	0	4	0	0	0	0	0	0	4	1.00E-04	C-1969	1.596
4	9	B3_B_4	B3	25	0	0	4	0	47	0	0	29	11.75	F-1991	0.271758621
4	9	B3_C_4	B3	0	0	0	4	0	18	0	0	4	4.5	J-2012	1.97025
4	9	B1_H_4	B1	22	0	0	4	0	36	0	0	26	9	I-2009	0.303115385
4	9	B2_I_4	B2	0	0	0	4	0	20	0	0	4	5	B-1964	1.97025
4	9	B1_C_4	B1	17	0	0	4	0	25	0	0	21	6.25	J-2012	0.375285714
4	9	B1_A_4	B1	21	0	0	4	0	37	0	0	25	9.25	G-1998	0.31524
4	9	B1_I_4	B1	6	0	0	4	0	52	0	0	10	13	B-1964	0.7881
4	9	B3_A_4	B3	26	0	1	3	0	20	0	0	30	5	G-1998	0.2627
4	9	B3_D_4	B3	8	0	0	3	0	27	0	0	11	9	H-2000	0.716454545
4	9	B2_G_4	B2	14	0	0	3	0	31	0	0	17	10.33333333	C-1969	0.463588235
4	9	B2_A_4	B2	20	0	0	3	0	30	0	0	23	10	G-1998	0.342652174
4	9	B1_B_4	B1	11	0	0	4	0	33	0	0	15	8.25	F-1991	0.5254
4	9	B3_H_4	B3	27	0	0	4	0	43	0	0	31	10.75	I-2009	0.254225806
4	9	B1_G_4	B1	0	23	0	4	0	35	0	0	27	8.75	C-1969	0.291888889
4	9	B1_E_4	B1	19	0	0	4	0	36	0	0	23	9	E-1988	0.342652174
4	9	B2_B_4	B2	14	0	1	3	0	21	0	0	18	5.25	F-1991	0.437833333
4	9	B1_F_4	B1	0	5	0	3	1	15	0	0	9	5	D-1986	0.875666667
4	9	B2_H_4	B2	14	0	0	4	0	35	0	0	18	8.75	I-2009	0.437833333
4	9	B3_G_4	B3	2	2	0	2	0	17	0	0	6	8.5	C-1969	1.3135
4	9	B2_C_4	B2	7	2	1	2	0	13	0	0	12	4.333333333	J-2012	0.65675
4	9	B3_E_4	B3	7	5	1	3	0	19	0	0	16	4.75	E-1988	0.4925625
4	13	B1_A_4	B1	7	47	0	4	0	31	0	0	58	7.75	G-1998	0.183465517
4	13	B1_I_4	B1	42	0	0	4	0	39	0	0	46	9.75	B-1964	0.231326087
4	13	B1_E_4	B1	28	34	0	4	0	28	0	0	66	7	E-1988	0.161227273
4	13	B3_E_4	B3	11	34	1	3	0	10	0	0	49	2.5	E-1988	0.217163265
4	13	B2_A_4	B2	16	30	0	6	0	32	0	0	52	5.333333333	G-1998	0.204634615
4	13	B3_D_4	B3	23	26	0	3	0	34	0	0	52	11.33333333	H-2000	0.204634615
4	13	B3_G_4	B3	13	16	0	2	0	20	0	0	31	10	C-1969	0.343258065
4	13	B1_G_4	B1	7	50	0	7	0	46	0	0	64	6.571428571	C-1969	0.166265625
4	13	B1_F_4	B1	7	7	0	2	1	8	0	0	17	4	D-1986	0.625941176
4	13	B1_B_4	B1	22	25	0	4	0	46	0	0	51	11.5	F-1991	0.208647059
4	13	B2_I_4	B2	17	6	0	4	0	44	0	0	27	11	B-1964	0.394111111
4	13	B2_B_4	B2	33	26	1	3	0	15	0	0	63	3.75	F-1991	0.168904762
4	13	B3_A_4	B3	23	36	0	4	0	30	0	0	63	7.5	G-1998	0.168904762
4	13	B3_H_4	B3	13	73	0	4	0	50	0	0	90	12.5	I-2009	0.118233333
4	13	B3_C_4	B3	25	14	0	4	0	32	0	0	43	8	J-2012	0.247465116
4	13	B1_C_4	B1	15	29	0	4	0	27	0	0	48	6.75	J-2012	0.2216875
4	13	B2_C_4	B2	13	12	0	3	0	25	0	0	28	8.333333333	J-2012	0.380035714
4	13	B2_G_4	B2	14	16	0	3	0	35	0	0	33	11.66666667	C-1969	0.322454545
4	13	B1_H_4	B1	42	44	0	4	0	43	0	0	90	10.75	I-2009	0.118233333
4	13	B2_H_4	B2	19	36	0	4	0	58	0	0	59	14.5	I-2009	0.180355932
4	13	B3_B_4	B3	28	34	0	4	0	20	0	0	66	5	F-1991	0.161227273
4	17	B2_G_4	B2	43	25	4	8	0	44	0	0	80	3.666666667	C-1969	0.1653125
4	17	B3_B_4	B3	19	52	9	1	0	1	1	1	81	0.1	F-1991	0.163271605
4	17	B2_C_4	B2	29	15	1	7	0	25	0	0	52	3.125	J-2012	0.254326923
4	17	B2_I_4	B2	43	22	0	6	0	38	0	0	71	6.333333333	B-1964	0.186267606
4	17	B3_D_4	B3	30	37	0	7	0	27	0	0	74	3.857142857	H-2000	0.178716216
4	17	B1_C_4	B1	24	35	0	5	0	25	0	0	64	5	J-2012	0.206640625
4	17	B1_G_4	B1	34	51	9	3	0	11	7	7	97	0.916666667	C-1969	0.136340206
4	17	B2_B_4	B2	23	51	1	4	0	11	0	0	79	2.2	F-1991	0.167405063
4	17	B1_I_4	B1	30	37	0	7	0	45	0	0	74	6.428571429	B-1964	0.178716216
4	17	B1_F_4	B1	11	13	1	1	0	3	0	0	26	1.5	D-1986	0.508653846
4	17	B1_B_4	B1	39	38	3	9	0	39	1	1	89	3.25	F-1991	0.148595506
4	17	B2_A_4	B2	40	34	0	9	0	27	0	0	83	3	G-1998	0.159337349
4	17	B3_C_4	B3	49	23	0	5	0	12	0	0	77	2.4	J-2012	0.171753247
4	17	B1_A_4	B1	30	42	0	10	0	31	0	0	82	3.1	G-1998	0.161280488
4	17	B1_H_4	B1	61	66	1	4	0	26	1	1	132	5.2	I-2009	0.100189394
4	17	B3_E_4	B3	16	31	0	6	0	18	0	0	53	3	E-1988	0.249528302
4	17	B2_H_4	B2	64	40	4	4	0	27	0	0	112	3.375	I-2009	0.118080357
4	17	B3_A_4	B3	26	50	1	7	0	18	0	0	84	2.25	G-1998	0.157440476
4	17	B1_E_4	B1	27	62	4	2	0	3	3	3	95	0.5	E-1988	0.139210526
4	21	B3_B_4	B3	3	18	55	0	2	0	7	6	78	0	F-1991	0.322307692
4	21	B3_G_4	B3	12	57	46	2	0	15	14	14	117	0.3125	C-1969	0.214871795
4	21	B1_A_4	B1	18	45	55	15	0	34	0	0	133	0.485714286	G-1998	0.189022556
4	21	B1_B_4	B1	30	81	47	0	8	1	7	6	166	0.021276596	F-1991	0.151445783
4	21	B2_G_4	B2	13	64	66	4	0	20	18	18	147	0.285714286	C-1969	0.171020408
4	21	B3_A_4	B3	11	46	59	6	0	13	0	0	122	0.2	G-1998	0.206065574
4	21	B3_E_4	B3	6	21	26	0	0	2	0	0	53	0.076923077	E-1988	0.474339623
4	21	B1_F_4	B1	8	14	10	0	2	3	0	0	34	0.3	D-1986	0.739411765
4	21	B1_E_4	B1	4	35	53	2	0	2	4	1	94	0.036363636	E-1988	0.267446809
4	21	B2_A_4	B2	14	65	51	17	0	31	0	0	147	0.455882353	G-1998	0.171020408
4	21	B3_D_4	B3	7	51	44	2	7	15	2	2	111	0.326086957	H-2000	0.226486486
4	21	B3_H_4	B3	9	86	55	3	0	15	2	2	153	0.25862069	I-2009	0.164313725
4	21	B2_H_4	B2	4	74	69	2	8	8	1	1	157	0.112676056	I-2009	0.160127389
4	21	B2_I_4	B2	13	63	54	5	0	33	0	0	135	0.559322034	B-1964	0.186222222
4	21	B1_G_4	B1	9	57	72	3	0	17	17	10	141	0.226666667	C-1969	0.178297872
4	21	B3_C_4	B3	25	55	13	6	0	31	0	0	99	1.631578947	J-2012	0.253939394
4	21	B1_I_4	B1	25	77	64	2	0	29	0	0	168	0.439393939	B-1964	0.149642857
4	21	B2_C_4	B2	6	47	26	10	0	32	0	0	89	0.888888889	J-2012	0.28247191
4	21	B2_B_4	B2	8	19	51	4	1	15	6	6	83	0.272727273	F-1991	0.302891566
4	21	B1_C_4	B1	16	53	29	16	0	42	0	0	114	0.933333333	J-2012	0.220526316
4	21	B1_H_4	B1	8	80	64	4	9	22	7	6	165	0.323529412	I-2009	0.152363636
5	1	B2_B_5	B2	5	0	0	0	0	0	0	0	5	1.00E-04	F-1991	NA
5	1	B2_H_5	B2	5	0	0	0	0	0	0	0	5	1.00E-04	I-2009	NA
5	1	B2_I_5	B2	5	0	0	0	0	0	0	0	5	1.00E-04	B-1964	NA
5	1	B3_E_5	B3	5	0	0	0	0	0	0	0	5	1.00E-04	E-1988	NA
5	1	B1_H_5	B1	5	0	0	0	0	0	0	0	5	1.00E-04	I-2009	NA
5	1	B3_D_5	B3	5	0	0	0	0	0	0	0	5	1.00E-04	H-2000	NA
5	1	B1_C_5	B1	5	0	0	0	0	0	0	0	5	1.00E-04	J-2012	NA
5	1	B3_C_5	B3	5	0	0	0	0	0	0	0	5	1.00E-04	J-2012	NA
5	1	B3_G_5	B3	5	0	0	0	0	0	0	0	5	1.00E-04	C-1969	NA
5	1	B3_H_5	B3	5	0	0	0	0	0	0	0	5	1.00E-04	I-2009	NA
5	1	B3_A_5	B3	5	0	0	0	0	0	0	0	5	1.00E-04	G-1998	NA
5	1	B1_G_5	B1	5	0	0	0	0	0	0	0	5	1.00E-04	C-1969	NA
5	1	B3_F_5	B3	5	0	0	0	0	0	0	0	5	1.00E-04	D-1986	NA
5	1	B1_A_5	B1	5	0	0	0	0	0	0	0	5	1.00E-04	G-1998	NA
5	1	B2_C_5	B2	5	0	0	0	0	0	0	0	5	1.00E-04	J-2012	NA
5	1	B1_B_5	B1	5	0	0	0	0	0	0	0	5	1.00E-04	F-1991	NA
5	1	B2_G_5	B2	5	0	0	0	0	0	0	0	5	1.00E-04	C-1969	NA
5	1	B2_A_5	B2	5	0	0	0	0	0	0	0	5	1.00E-04	G-1998	NA
5	1	B3_B_5	B3	5	0	0	0	0	0	0	0	5	1.00E-04	F-1991	NA
5	1	B1_E_5	B1	5	0	0	0	0	0	0	0	5	1.00E-04	E-1988	NA
5	1	B1_I_5	B1	5	0	0	0	0	0	0	0	5	1.00E-04	B-1964	NA
5	5	B3_B_5	B3	0	5	0	0	0	0	0	0	5	1.00E-04	F-1991	1.596
5	5	B1_G_5	B1	0	1	0	4	0	33	0	0	5	8.25	C-1969	1.596
5	5	B1_I_5	B1	0	5	0	0	0	0	0	0	5	1.00E-04	B-1964	1.596
5	5	B2_C_5	B2	3	1	0	2	0	12	0	0	6	6	J-2012	1.33
5	5	B1_H_5	B1	0	5	0	0	0	0	0	0	5	1.00E-04	I-2009	1.596
5	5	B1_E_5	B1	0	5	0	0	0	0	0	0	5	1.00E-04	E-1988	1.596
5	5	B3_F_5	B3	0	3	0	0	1	0	0	0	4	1.00E-04	D-1986	1.995
5	5	B3_H_5	B3	0	5	0	0	0	0	0	0	5	1.00E-04	I-2009	1.596
5	5	B3_E_5	B3	0	3	0	2	0	11	0	0	5	5.5	E-1988	1.596
5	5	B1_C_5	B1	0	4	0	0	0	0	0	0	4	1.00E-04	J-2012	1.995
5	5	B2_G_5	B2	0	4	0	0	0	0	0	0	4	1.00E-04	C-1969	1.995
5	5	B1_A_5	B1	0	4	0	1	0	3	0	0	5	3	G-1998	1.596
5	5	B3_A_5	B3	0	4	0	1	0	5	0	0	5	5	G-1998	1.596
5	5	B1_B_5	B1	0	5	0	0	0	0	0	0	5	1.00E-04	F-1991	1.596
5	5	B2_H_5	B2	0	3	0	2	0	16	0	0	5	8	I-2009	1.596
5	5	B2_B_5	B2	0	5	0	0	0	0	0	0	5	1.00E-04	F-1991	1.596
5	5	B3_G_5	B3	0	5	0	0	0	0	0	0	5	1.00E-04	C-1969	1.596
5	5	B3_C_5	B3	0	5	0	0	0	0	0	0	5	1.00E-04	J-2012	1.596
5	5	B3_D_5	B3	0	4	0	0	0	0	0	0	4	1.00E-04	H-2000	1.995
5	5	B2_I_5	B2	0	3	0	1	0	2	0	0	4	2	B-1964	1.995
5	5	B2_A_5	B2	0	3	0	2	0	13	0	0	5	6.5	G-1998	1.596
5	9	B1_G_5	B1	0	17	1	4	0	36	0	0	22	7.2	C-1969	0.447818182
5	9	B1_I_5	B1	2	0	0	5	0	25	0	0	7	5	B-1964	1.407428571
5	9	B1_E_5	B1	20	0	0	5	0	48	0	0	25	9.6	E-1988	0.39408
5	9	B2_C_5	B2	14	6	0	4	0	21	0	0	24	5.25	J-2012	0.4105
5	9	B3_F_5	B3	0	0	0	2	0	8	0	0	2	4	D-1986	4.926
5	9	B1_B_5	B1	0	0	0	5	0	36	0	0	5	7.2	F-1991	1.9704
5	9	B2_H_5	B2	26	7	0	5	0	55	0	0	38	11	I-2009	0.259263158
5	9	B3_B_5	B3	16	0	0	5	0	49	0	0	21	9.8	F-1991	0.469142857
5	9	B1_C_5	B1	3	0	0	4	0	22	0	0	7	5.5	J-2012	1.407428571
5	9	B2_G_5	B2	24	0	0	3	0	49	0	0	27	16.33333333	C-1969	0.364888889
5	9	B3_A_5	B3	25	0	0	5	0	41	0	0	30	8.2	G-1998	0.3284
5	9	B3_D_5	B3	8	0	0	4	0	26	0	0	12	6.5	H-2000	0.821
5	9	B3_C_5	B3	0	0	0	5	0	22	0	0	5	4.4	J-2012	1.9704
5	9	B2_A_5	B2	0	23	0	5	0	26	0	0	28	5.2	G-1998	0.351857143
5	9	B3_H_5	B3	27	0	0	5	0	51	0	0	32	10.2	I-2009	0.307875
5	9	B2_I_5	B2	14	0	0	4	0	30	0	0	18	7.5	B-1964	0.547333333
5	9	B2_B_5	B2	9	0	0	5	0	45	0	0	14	9	F-1991	0.703714286
5	9	B3_G_5	B3	18	0	0	5	0	46	0	0	23	9.2	C-1969	0.428347826
5	9	B3_E_5	B3	15	0	0	4	0	39	0	0	19	9.75	E-1988	0.518526316
5	9	B1_H_5	B1	35	0	0	5	0	67	0	0	40	13.4	I-2009	0.2463
5	9	B1_A_5	B1	21	0	2	3	0	19	0	0	26	3.8	G-1998	0.378923077
5	13	B3_F_5	B3	9	8	1	1	0	11	0	0	19	5.5	D-1986	0.700052632
5	13	B1_C_5	B1	22	30	0	4	0	28	0	0	56	7	J-2012	0.237517857
5	13	B2_B_5	B2	42	34	0	5	0	41	0	0	81	8.2	F-1991	0.164209877
5	13	B3_B_5	B3	25	28	0	5	0	19	0	0	58	3.8	F-1991	0.229327586
5	13	B2_C_5	B2	13	39	1	2	0	10	0	0	55	3.333333333	J-2012	0.241836364
5	13	B3_A_5	B3	14	49	0	5	0	33	0	0	68	6.6	G-1998	0.195602941
5	13	B2_H_5	B2	31	103	1	4	0	44	0	0	139	8.8	I-2009	0.095690647
5	13	B2_I_5	B2	18	16	0	4	0	38	0	0	38	9.5	B-1964	0.350026316
5	13	B1_E_5	B1	32	23	0	5	0	39	0	0	60	7.8	E-1988	0.221683333
5	13	B1_H_5	B1	77	12	0	5	0	66	0	0	94	13.2	I-2009	0.1415
5	13	B2_G_5	B2	13	43	0	4	0	51	0	0	60	12.75	C-1969	0.221683333
5	13	B1_I_5	B1	50	0	0	5	0	55	0	0	55	11	B-1964	0.241836364
5	13	B2_A_5	B2	13	50	0	9	0	49	0	0	72	5.444444444	G-1998	0.184736111
5	13	B1_A_5	B1	10	52	0	5	0	35	0	0	67	7	G-1998	0.198522388
5	13	B3_G_5	B3	9	40	0	5	0	49	0	0	54	9.8	C-1969	0.246314815
5	13	B3_E_5	B3	36	30	0	4	0	27	0	0	70	6.75	E-1988	0.190014286
5	13	B3_H_5	B3	18	93	0	5	0	68	0	0	116	13.6	I-2009	0.114663793
5	13	B3_C_5	B3	26	20	0	5	0	34	0	0	51	6.8	J-2012	0.260803922
5	13	B3_D_5	B3	29	32	0	4	0	46	0	0	65	11.5	H-2000	0.204630769
5	13	B1_B_5	B1	20	36	0	5	0	55	0	0	61	11	F-1991	0.21804918
5	13	B1_G_5	B1	12	52	0	5	0	44	0	0	69	8.8	C-1969	0.192768116
5	17	B1_C_5	B1	34	39	0	4	0	26	0	0	77	6.5	J-2012	0.214714286
5	17	B3_F_5	B3	11	8	0	6	0	19	0	0	25	3.166666667	D-1986	0.66132
5	17	B1_H_5	B1	59	93	0	5	0	37	0	0	157	7.4	I-2009	0.105305732
5	17	B1_I_5	B1	65	32	0	6	0	60	0	0	103	10	B-1964	0.160514563
5	17	B3_B_5	B3	15	47	8	3	0	3	2	2	73	0.272727273	F-1991	0.226479452
5	17	B1_E_5	B1	29	56	2	5	0	15	0	0	92	2.142857143	E-1988	0.179706522
5	17	B2_G_5	B2	64	38	0	13	0	60	0	0	115	4.615384615	C-1969	0.143765217
5	17	B1_A_5	B1	38	49	0	14	0	50	0	0	101	3.571428571	G-1998	0.163693069
5	17	B2_B_5	B2	41	55	0	5	2	17	0	0	103	3.4	F-1991	0.160514563
5	17	B2_A_5	B2	51	51	0	15	0	34	0	0	117	2.266666667	G-1998	0.141307692
5	17	B3_A_5	B3	36	55	0	10	0	26	0	0	101	2.6	G-1998	0.163693069
5	17	B2_C_5	B2	34	32	0	8	0	30	0	0	74	3.75	J-2012	0.223418919
5	17	B3_E_5	B3	32	42	1	8	0	20	0	0	83	2.222222222	E-1988	0.199192771
5	17	B1_G_5	B1	49	74	9	1	0	9	5	5	133	0.9	C-1969	0.124308271
5	17	B3_C_5	B3	28	51	1	5	0	20	0	0	85	3.333333333	J-2012	0.194505882
5	17	B2_I_5	B2	44	22	0	12	0	59	0	0	78	4.916666667	B-1964	0.211961538
5	17	B2_H_5	B2	61	63	15	1	0	3	1	1	140	0.1875	I-2009	0.118092857
5	17	B3_D_5	B3	49	50	0	8	0	29	0	0	107	3.625	H-2000	0.154514019
5	17	B1_B_5	B1	52	54	0	5	0	47	0	0	111	9.4	F-1991	0.148945946
5	21	B3_H_5	B3	8	101	101	3	0	24	1	1	213	0.230769231	I-2009	0.147328638
5	21	B3_B_5	B3	1	15	53	0	6	0	6	4	75	0	F-1991	0.418413333
5	21	B3_F_5	B3	6	22	16	0	5	1	0	0	49	0.0625	D-1986	0.640428571
5	21	B2_A_5	B2	8	47	78	15	5	31	0	0	153	0.333333333	G-1998	0.205104575
5	21	B3_A_5	B3	11	60	63	16	0	34	0	0	150	0.430379747	G-1998	0.209206667
5	21	B3_D_5	B3	14	69	73	8	13	41	3	3	177	0.50617284	H-2000	0.177293785
5	21	B1_A_5	B1	33	67	64	20	0	46	0	0	184	0.547619048	G-1998	0.170548913
5	21	B1_H_5	B1	1	95	103	1	7	7	4	4	207	0.067307692	I-2009	0.151599034
5	21	B1_G_5	B1	26	82	62	3	0	13	22	17	173	0.2	C-1969	0.181393064
5	21	B1_E_5	B1	15	33	51	5	5	16	3	3	109	0.285714286	E-1988	0.287899083
5	21	B2_C_5	B2	5	47	30	13	1	35	0	0	96	0.813953488	J-2012	0.326885417
5	21	B1_I_5	B1	42	92	55	10	0	73	0	0	199	1.123076923	B-1964	0.157693467
5	21	B2_B_5	B2	9	54	43	0	22	6	3	3	128	0.139534884	F-1991	0.245164063
5	21	B3_C_5	B3	9	57	33	5	0	31	0	0	104	0.815789474	J-2012	0.301740385
5	21	B2_I_5	B2	35	66	59	8	0	59	0	0	168	0.880597015	B-1964	0.186791667
5	21	B2_H_5	B2	9	108	64	1	1	12	2	1	183	0.184615385	I-2009	0.171480874
5	21	B2_G_5	B2	28	108	53	0	0	6	8	8	189	0.113207547	C-1969	0.166037037
5	21	B1_B_5	B1	24	85	51	1	6	1	2	2	167	0.019230769	F-1991	0.18791018
5	21	B1_C_5	B1	12	48	36	8	0	31	0	0	104	0.704545455	J-2012	0.301740385
5	21	B3_G_5	B3	28	81	86	6	0	36	9	9	201	0.391304348	C-1969	0.156124378
5	21	B3_E_5	B3	9	31	48	2	0	2	1	1	90	0.04	E-1988	0.348677778